1000
1 1
1 2
1 3
1 4
1 5
1 6
1 7
1 8
1 9
1 10
2 1
2 2
2 3
2 4
2 5
2 6
2 7
2 8
2 9
2 10
3 1
3 2
3 3
3 4
3 5
3 6
3 7
3 8
3 9
3 10
4 1
4 2
4 3
4 4
4 5
4 6
4 7
4 8
4 9
4 10
5 1
5 2
5 3
5 4
5 5
5 6
5 7
5 8
5 9
5 10
6 1
6 2
6 3
6 4
6 5
6 6
6 7
6 8
6 9
6 10
7 1
7 2
7 3
7 4
7 5
7 6
7 7
7 8
7 9
7 10
8 1
8 2
8 3
8 4
8 5
8 6
8 7
8 8
8 9
8 10
9 1
9 2
9 3
9 4
9 5
9 6
9 7
9 8
9 9
9 10
10 1
10 2
10 3
10 4
10 5
10 6
10 7
10 8
10 9
10 10
13218965 78508233
636081811 350154108
160628471 394289570
20564586 128084491
68793823 86677659
849514432 208004106
423077749 491714054
263830778 12519763
134423363 110800606
61154407 363894797
144735482 426176355
104706616 295639967
525679895 273706467
238092913 684515469
101096615 1710432
298735440 7394341
43602861 279795466
203366059 72433488
339509627 143157632
92740013 453453048
169575400 266535870
121679140 19984489
34255793 428916967
729314353 293119120
635367230 54444998
109368337 305473473
931629607 492645002
12195505 424698863
542148684 66753739
122055539 19491013
628744222 281556442
33582549 89682497
513681044 198968683
138464767 471630706
127375057 349827487
62817002 301463271
602949625 89240765
53356814 34869426
488249797 428437813
64919469 453440422
515000216 379802061
180616929 273916200
354815768 259056114
96170081 304867708
13176600 472608140
73005789 53220701
562145290 119728072
188041925 27681566
150409194 145936637
283251266 265057568
250416594 50633066
119265281 212551349
824403529 164862191
104091154 393629
524309535 467460157
5994584 239171576
341360076 13319512
49437302 853394008
435402055 685188985
590963634 179511090
169430410 75191018
195268278 648739251
22264539 259233835
209560646 390550777
252190041 302522941
88495953 646410495
573088657 672251115
173566697 212355495
229280110 344590213
724008206 197618402
27309239 396302648
238383622 51965141
122375976 649155729
31414719 54081950
771745979 631837744
348221547 7633420
45776525 51296195
33343273 323311464
69183237 356558240
455755728 50263929
23020663 12910572
269123141 18234544
406386400 6231149
889371166 285001459
5981798 32448887
78236814 662281357
214334519 211298424
30410261 32424927
225306729 7600873
525411155 94644262
24985650 264817310
88571137 12967938
386375526 223171793
204244760 370582661
749037147 354649340
128043906 831783362
585405691 24509115
797428263 405368021
228838038 11081866
48441280 87136777
1202156 25002156
294610534 85030589
760285088 4427180
348022613 20532941
129314592 19649451
63256524 278789870
279169070 642910308
300363980 56718635
580290095 72653579
230370611 4593603
706970531 422954123
37650036 208074781
529420412 31942340
301985635 86144559
317945021 119397465
497408316 332161069
100213316 102920649
599556612 204369871
8462341 492689290
301624422 289254789
277006938 596238233
107051251 505630992
420507311 176971554
8677278 130983717
186149114 762261228
281364266 154399788
16132903 70064826
524416458 226614527
30119850 420168559
152781960 234576838
242952929 536135195
416368097 129678458
221009416 46368781
205737430 11352236
254953765 546454642
210939870 910279389
21159588 508918047
51383851 142337926
6627803 659749513
807440217 78903994
218963859 572572041
68306671 219005895
81420388 79654255
661704208 22450558
118999740 227552354
406248601 78573479
85356735 147471035
21365617 105139937
327721952 751067715
189373745 45539473
43524473 124436691
126142556 113700290
69898078 345548411
239672207 714438721
713575892 19315667
151862346 98218122
16146746 169949535
67952077 59483994
282142645 211365644
21090993 273444542
250399815 147023711
129605900 246267510
377775113 586842332
13317758 383736235
353243508 123311148
374118348 310206410
182859005 12284020
37578391 646261522
711231562 123924087
732121487 65412371
164240498 318934961
308202837 579041725
161552 713738344
584310667 619173768
1668131 635334370
26076050 250398495
118278077 397079010
219098844 439552539
379844778 158237229
873260997 226906081
28135323 2685193
300437339 128569948
17247603 362157125
84291247 76095661
373221200 157600421
111072196 14030051
45770361 56109872
316925618 205443212
46567454 816219385
602433975 156966015
752741016 56968792
244342754 289299742
749575174 18289647
318885592 986902953
82210976 19600715
69065911 35725130
212135624 271263230
16386898 325103842
207334287 210685389
295458833 228946991
108359061 411264548
557265660 29123491
334085941 86179074
121567845 428096033
284336871 194765053
290331083 190188884
427204360 23142983
281066038 153392072
37919991 67024011
122765101 80594870
356585104 320681814
448391224 13746972
668580621 44323829
253253075 14118634
222637176 201027764
183007356 895304941
124099237 740806133
281647325 635589789
548649298 285856696
450030900 320580835
183159309 102527342
20320332 223853370
97505018 583087850
748631502 405597147
61737368 490154095
141095546 321108082
167013227 670265271
894366616 459909170
217655793 293185731
77607783 230353553
149979779 155873363
168117929 42096073
340810765 350811870
235854402 719888764
6599128 128750578
34852501 179065503
10387072 524402714
344958203 232442772
576806163 268734027
225639609 576117337
747743242 494430861
21343232 159134736
634822033 175878885
479073918 464769871
113411369 81650364
689933783 293547631
13356350 176994619
23539670 42669194
136337376 100240579
17503771 96065765
687370265 717279356
363870958 58529916
691239448 243441810
316318608 49840565
115019166 97374381
124681190 252532017
163165978 332636135
264365166 111141089
799890879 357951595
8337 82731794
9093634 416789315
118571453 131890252
70085271 45389472
145980721 46397888
307898945 34890882
450242538 924830647
353645290 199369366
40880174 237663
183082277 218527584
591033663 378789879
161790186 30119160
642906018 34366249
656861966 16222954
43080709 415889431
66469739 694214129
33935487 250537517
334284991 160218513
94390403 50055552
297049523 682810105
180494028 364613330
404633401 767470314
316750871 12120028
437598965 124952235
384962597 168781382
156813446 276385759
271188351 301570961
70710137 413610950
215614133 184336573
458945593 523326812
45723843 213513137
231634776 95227435
172350223 649770212
306596753 526181688
377189183 195884598
262200698 212557884
56138389 549969254
65711292 99479524
99532557 232026687
66409060 243858066
380430394 40698713
480288720 130483352
195703687 470543938
41379365 126405293
191670611 185979935
25264808 420587177
470672211 50257510
163535877 502315857
44044525 273868705
184242877 258511766
52706524 752830358
951764 106748545
94241523 169915777
18111127 12090927
45028051 452879291
294339143 472908882
383168154 181035714
224690677 300368881
110590911 90756400
523308485 53343345
18307904 483743212
584135899 613455763
188377035 128544547
363044613 100461023
335685376 103152091
606960694 182988389
43908658 103268608
413882369 259755258
121449796 203774617
21718832 412180744
95815375 877748320
95685806 338484903
14699915 118538505
631942344 71945868
279514777 625227126
59064597 423122023
328665661 94743107
40226569 5737479
347312546 237303188
352036180 116874780
308544158 56775885
217477252 150974793
539875351 46840114
577891458 13963716
129839562 271286370
131902794 60101481
259540209 31168284
333289966 100394686
337806657 422156808
63838487 361228021
263700422 297436799
6512386 503500866
261606158 275376737
92910781 179630983
319336470 41136720
454243573 206938422
54958420 362015627
20883170 26606899
181507180 443861805
201256154 301371420
13564471 76152230
395332366 220568767
361320059 8108771
48156021 165488535
37126088 19579226
265212942 421465285
118220945 208755095
491408 59913260
233977379 414928368
600219553 90116552
236511098 258974359
155294008 26717864
112724813 54121142
17214420 216219914
665912468 176891883
364611650 26448847
236455866 91900271
60989792 630031196
205209950 267342592
122068620 589860332
365005222 269029103
55893522 239045111
586093283 631817853
3966485 235539768
215179926 386800423
466120469 43161042
18761658 623135299
392363501 214013203
29037191 617872753
5710748 633631049
14793866 426465890
76496429 151756765
17104388 671454635
561187832 222135308
406821017 113266304
673118654 245546935
415490188 267233518
335791972 6518554
624289783 16498583
88133657 60951824
478877047 439902440
11001215 87582145
33799965 18831565
136934943 72115177
246193461 64984515
22680663 352146718
79991677 298220145
282999444 292235896
59556740 408277926
191865240 563007513
149839144 5328604
35814248 265649185
507839595 43149994
28152160 919988066
108836837 10765985
139768155 469795434
333666406 61798784
156372807 16936439
482917806 8899359
266241624 160252356
64416163 193344119
126598043 173688839
156272934 209705126
87895523 390153116
372081343 14420611
66984578 338384275
516212206 496523710
245050167 291300579
81699528 550105839
144908585 167844494
484252843 419224716
769495440 38335347
394816148 114600355
125032166 41549616
70540503 172592480
398696186 809562740
310149344 603949488
333105610 391919289
126732752 52758172
308353915 992775231
468456872 224193145
126503303 15285957
279842669 592950909
276814498 370815818
153329802 300034864
365238678 472808818
3130478 219759954
780980138 46045711
116940017 216365190
734419976 268719890
144807069 4387390
209589172 301401752
312295811 430454554
3122486 496998756
640651700 61772068
490738215 10972896
375153157 825453428
134169757 175223624
247938450 6040065
453064374 22080353
71979237 171305939
287760013 131380338
10993562 470269088
7349707 23992375
631812519 255851368
30106579 67716847
323439568 74701201
38292827 67898725
100464164 499039173
388601439 210866834
254863326 226626478
56988033 393601964
175238212 350355386
646758547 142463819
109351541 38141194
47904575 165836335
496145729 682045070
552868053 190905508
138324993 251346051
86900361 303481788
74810840 346819064
241330813 83892779
344380067 486489124
404611880 263722159
43079414 530529861
511247994 555675472
83891310 430565297
6938474 79803393
162520679 534514893
249332642 230725012
812913563 885488
123619201 450181562
116372029 49815976
182936656 48777086
167898911 34028257
423237356 477053485
2226732 100129927
413917884 241616082
47819674 9958587
681350073 4287655
1402439 336116522
117133730 114527855
727208123 89121942
95068337 533088446
418289829 28758732
87937971 467049461
375369644 322449444
364005380 164236627
17581782 253085929
490698675 191281745
65954393 15461121
69730087 61011147
29040925 422810083
41919022 208127263
1662960 2670654
132551042 129537907
721971483 131540642
52341520 340426632
147526071 82531142
292025921 229497463
340091851 56661505
54492658 124291896
648190606 11823894
26586425 229103037
11472453 3770989
499256799 282811162
272631785 243929364
409517513 577696042
332819202 50161526
251302412 864504553
515443320 574033219
5875546 196402811
391350653 58604827
178070736 77762991
242599740 507180322
29501999 30635228
377745499 699085038
191873183 59138123
409724598 138070464
151731976 14075240
578651938 155912913
344869613 167807259
474874719 279989305
349561004 56879399
153619162 22649937
108390690 563139624
475286001 257658822
518642026 728138431
739487953 336466080
643509281 329128096
359478200 133996714
257615417 572160573
44544151 6988643
644823579 235485123
91159610 879419641
587347445 39642591
370907885 60227453
456159433 48333305
243979546 76084649
276468911 282685477
478938433 67759227
445730902 625310674
516161462 591372580
49803905 276663169
76425721 16296242
68038114 251947050
34278265 19524297
60628916 350368704
368184360 458860909
759102788 512787923
15311977 517841899
7480353 695202206
336452994 189860123
698217594 116996499
75782858 394123787
147076415 112232578
877578553 329135430
68316501 729057938
516944376 568016204
87159363 899659332
619318063 529311230
464745378 171338504
176818555 279964694
81333693 91073519
106394834 817692906
295613870 295118827
30255538 830089659
607206099 458761426
212309909 22494069
280057164 177175533
114696207 69674709
10341741 35948561
112987196 193093005
121416083 380860463
341635470 64767171
374825543 162760838
367955451 118589537
361802443 386773220
434941445 308217889
19606570 34519544
243102997 718100691
178771880 224302135
522949231 585764643
528755908 40062744
5171498 633255595
205392396 394755421
62348936 173800272
592592837 227654312
231784466 411175587
659640971 26362226
69580563 12704499
17109502 245002411
180215232 381923396
25872590 661146204
692104211 220931101
329990735 355737531
663472633 60902216
159127462 368882706
231005527 146017498
135090881 374319302
727515799 162490205
29807103 241235613
173926423 65353880
120480472 91278274
235079847 141414589
254591690 119792762
175386902 49107279
179110652 115584962
183988674 497017655
394717696 490119698
314951411 92562145
149222357 101255079
555305843 474446455
17912934 324674816
439239570 146687116
174080478 948591836
142582127 58851180
223174936 9708199
395892388 233055412
854860442 221343731
45166050 262385392
455636644 6290180
76241127 17454352
9884834 137240793
288481924 247621762
11370510 16054882
60385292 617298992
532097521 874363168
22403194 20840792
95164505 434232959
605453058 189300147
8951082 2545898
9736841 341284774
58726053 19354746
12858142 140637603
271278713 407489434
485206501 292373929
58704770 123200321
645101580 397443143
503672702 167398834
106836213 404162518
215044026 507928424
779514078 146062139
262532817 808536009
238451976 392346241
397023815 749789921
302202057 355912831
103334654 9173809
38830643 128693979
190148193 313164720
257133954 359536946
485291974 133216380
162956265 128579553
239561738 359097207
127314959 123632142
475972288 366180117
417090874 173457693
871827657 93807230
798940513 383810738
91710036 167998603
91963145 26030784
120886465 517913654
139627002 640082981
537538368 26244937
64572117 536890317
234873410 103896646
395360074 565870544
236874510 411288408
670074961 256804880
775191278 358476994
393705202 150440811
337465714 626954468
921779337 324878600
7385501 295091572
686036791 213252151
391208275 459571717
2108225 274071246
55805622 861167757
875295598 7345930
361609283 98994444
588563042 496973618
668250373 453748523
56826900 11338346
321698761 2190085
565321985 62224829
411976226 20468956
46044064 229894613
155858114 192037524
782516303 46534741
361808645 41838447
239720087 640971134
13774677 25813488
360361545 349113858
15155768 42626361
208147962 80512548
477699074 56021227
8042479 875963350
797148936 282926493
323371405 761894766
322653921 108061196
761753420 56089558
65480253 213890595
448925031 352467546
79233611 172720847
127422492 19640341
744506693 296471841
389582223 607834924
403268260 53215460
521106960 609286053
161725263 367049404
360545290 51206949
601124059 85055775
126437589 40280836
297151478 24306747
505138460 268936224
73257315 52643797
184266141 20077630
388811882 825368002
228859670 694421923
9896272 194091664
77337931 208255873
8033660 2326963
505960247 43481425
84410900 27662500
71217625 274292959
194750973 341284549
599553299 148427315
238394640 1243477
632612991 8833892
169123737 253824377
13656189 199463043
539268703 536163931
631242684 198473848
13075964 159967312
137101281 324342642
307275465 764975168
431883636 93032952
14037027 310864556
326363695 79252199
260113019 205914998
645083376 49294622
188090451 21658395
406610191 783907976
547974812 9410334
146965567 356145189
709393463 161041959
329566426 406360160
602699817 342101454
741062133 163753471
562074674 196840001
245407372 45917407
138601439 713875151
918800236 85041749
9835142 205019912
16531780 50609976
62197115 114301145
118375089 26998570
242965675 270956416
36144374 808407686
63947420 184578452
399509045 278231220
187230892 301854676
40558731 193356077
334693417 525186875
303743486 680825719
10904821 119599752
37228947 170460408
20214986 142425807
506690057 6424770
21467033 197375241
151975620 303732334
38326449 568446678
59192526 64836798
649025694 34600759
114137983 769594275
458976880 217716384
76241766 90429141
272626700 6421411
192576643 590253416
765019447 708798807
390928101 65297316
425977857 196235309
338004642 693145298
114825830 217744284
390599177 120803643
48426288 66038224
40548266 269398030
75546029 435596455
20503178 4665602
298082131 72777629
72609752 217771051
189889693 211048296
944856091 534238208
606351188 87035610
43141132 304143521
682702011 389441829
353995751 222022233
188080576 424265848
212633381 138112169
406159493 44885956
61862839 927735110
21124292 362593074
43429474 130005014
717335564 315503980
9303751 68217517
402294973 87090178
580352746 297375919
550070837 421727075
418801642 95048127
401427829 745492138
484954 562544316
791439839 143945832
58420860 194002536
193616223 597606235
252205838 215145530
25677164 148042776
212424206 77287632
39135247 329343271
23383868 363369956
68418551 271793575
108344107 8756899
243243939 77799055
197056352 494295197
239684688 228427191
93723114 357157180
397764424 131549903
202719245 93978090
148085058 497118455
181724864 76634447
236893623 110113975
258219435 804111183
469403798 394820745
178421856 352092828
61034295 65472382
325705689 696107002
562650448 54011971
191488917 377172927
123291056 590121486
492160868 82120514
368568871 110799587
81917946 27176198
45332078 132384545
182676374 75358328
486189563 12841232
366994312 628094087
386012949 794162696
432354321 367570881
247590486 767655
99617442 189531964
32559825 53283408
346587143 15594765
528090580 12365861
237081790 8946609
72466364 329770699
393520350 64760069
416687580 466782965
257244336 7597267
503885184 557890969
83524963 9200543
405004038 242066527
254414505 470863503
200285490 135320635
25246621 38632568
467962055 14091845
188427877 150778377
246417077 341682154
325796812 236847377
132364478 396500709
73002778 457240982
144501454 778353664
46176991 153813766
88710867 380741917
238360055 151410598
118612038 15415741
23265824 182900957
403145062 683149765
93572348 97363293
499221910 284862105
586804274 376165030
102516642 8420825
295505466 357323969
